50200.0
6270.0
6270.0
6270.0
6270.0
6270.0
6270.0
6270.0
6270.0
6270.0
6270.0
5372.0
5372.0
5372.0
5372.0
5372.0
5372.0
4372.0
4372.0
4372.0
4372.0
4372.0
4372.0
4372.0
4372.0
4372.0
4372.0
4372.0
4372.0
4372.0
4372.0
4372.0
4372.0
4372.0
4372.0
4372.0
4372.0
4372.0
4372.0
4372.0
4372.0
4372.0
4372.0
4372.0
4372.0
4372.0
4372.0
4372.0
4372.0
4372.0
4372.0
4372.0
4372.0
4372.0
4372.0
4372.0
4372.0
4372.0
4372.0
4372.0
4372.0
4372.0
4372.0
4372.0
4372.0
4372.0
4372.0
4372.0
4372.0
4372.0
4372.0
4372.0
4372.0
4372.0
4372.0
4372.0
4372.0
4372.0
4372.0
4372.0
4372.0
4372.0
4372.0
4372.0
4372.0
4372.0
4372.0
4372.0
4372.0
4372.0
4372.0
4372.0
4372.0
4372.0
4372.0
4372.0
4372.0
4372.0
4372.0
4372.0
